# isi_ms adapt tau_ms rin_mohm vrest_mV rheobase_pA  (seed=42 sample 128)
128
94.92857143 0.06528514 28.83369934 161.06316800 -74.41447449 170.00000000
93.74400000 0.07898608 22.36202195 151.26038400 -69.09783173 190.00000000
130.19142857 0.17360942 20.35990162 122.71236000 -70.29522705 110.00000000
101.62222222 0.00722838 9.43116044 142.38528000 -71.50636292 150.00000000
74.08461538 0.07908678 11.62834314 260.73638400 -75.76101685 100.00000000
144.20400000 0.24635799 14.53659353 136.61270400 -77.81948090 310.00000000
116.77437500 0.13928821 17.36463420 178.19948800 -77.04054260 90.00000000
58.85250000 0.07981166 13.03708183 208.03192000 -81.57537842 110.00000000
113.14000000 0.06819752 20.77312748 81.04311200 -81.18585205 310.00000000
276.94000000 0.14436340 27.77082500 67.69592000 -68.35531616 170.00000000
376.28000000 -0.02886149 38.13849634 109.84763200 -74.64259338 150.00000000
18.19222222 0.00369152 8.72970748 267.34308800 -70.46183014 80.00000000
54.02500000 0.35714947 14.11066466 118.51685600 -79.46175385 170.00000000
18.63500000 0.04374111 8.42537679 239.18777600 -73.84954834 110.00000000
105.96125000 0.03866902 24.24221311 116.33856800 -79.88066101 130.00000000
23.65000000 0.25198433 23.75590447 455.84038400 -71.03095245 50.00000000
135.14333333 0.04367209 15.71174051 87.72123200 -79.21422577 250.00000000
34.15678571 0.00489874 10.93781356 184.53995200 -71.70148468 100.00000000
299.24666667 0.46768351 21.50906584 176.86475200 -75.46813965 130.00000000
38.89120000 0.00481718 15.01061248 491.30332800 -72.13717651 50.00000000
72.39076923 0.02858102 32.28820332 300.66304000 -68.42671204 50.00000000
128.22000000 0.02671785 29.58285450 130.88609600 -73.83969116 90.00000000
96.07000000 0.06097673 28.59825677 251.93779200 -67.13788605 50.00000000
194.63500000 0.15700923 23.54691339 52.86777600 -71.48204803 190.00000000
101.53611111 0.08687818 16.17767183 149.06678400 -68.41317749 50.00000000
151.49333333 0.19939334 16.33833272 237.47440000 -69.08446503 210.00000000
59.91466667 -0.01497529 9.18864002 158.30779200 -69.08229065 170.00000000
8.59875000 0.02570602 6.30957888 95.58364000 -70.01807404 400.00000000
80.40636364 0.08805912 17.17763025 356.36832000 -73.16152191 80.00000000
81.58500000 0.08829088 25.87855566 195.85555200 -75.92693329 150.00000000
110.32000000 0.15368786 46.81525459 79.25676000 -60.32508087 50.00000000
30.51375000 0.00396958 14.99345835 388.11929600 -66.51364899 60.00000000
53.99428571 0.06219258 20.72360324 465.91692800 -69.84970093 50.00000000
139.31428571 0.10076977 37.50876113 297.61920000 -58.27880859 30.00000000
105.35714286 0.12518822 36.60444413 311.53043200 -68.23964691 30.00000000
73.97958333 0.02795203 23.02704890 161.91542400 -72.43116760 90.00000000
97.85333333 0.04624971 31.50149577 293.80272000 -72.11582184 60.00000000
168.45000000 0.30625729 33.74270666 54.02715200 -72.49013519 230.00000000
62.85200000 0.01071583 33.32389256 234.66105600 -59.17125702 40.00000000
50.50421053 0.04240745 24.10066220 340.24406400 -64.94191742 40.00000000
81.51272727 0.01436588 25.90218737 181.72803200 -61.85059357 50.00000000
72.36153846 0.01514826 37.01572138 153.42459200 -62.75639343 50.00000000
37.48320000 0.02223697 12.37025448 639.64800000 -70.12418365 20.00000000
79.91818182 0.00950731 20.49839315 111.61011200 -67.25919342 70.00000000
136.60166667 0.40179676 14.78521739 154.82409600 -74.18266296 130.00000000
21.29260870 0.00863740 9.22453615 287.49068800 -67.52693939 80.00000000
159.01333333 0.07089552 24.87438929 192.76652800 -60.28359604 160.00000000
31.20000000 0.05192308 18.15494284 211.25273600 -60.22387695 50.00000000
93.42900000 0.02590651 17.82524773 139.46337600 -72.85210419 130.00000000
59.55200000 0.03123004 24.84997572 243.88267200 -66.34108734 50.00000000
118.63071429 0.00196877 13.27194478 96.90657600 -71.45566559 190.00000000
86.65363636 0.02325303 17.76605752 201.38180800 -77.60026550 90.00000000
293.97333333 0.68199258 37.15441286 88.66674400 -71.11229706 90.00000000
40.30333333 0.02272264 8.24788087 223.53443200 -69.10003662 80.00000000
35.60666667 -0.00152473 13.85464882 188.65161600 -65.83689880 60.00000000
16.11000000 0.08255742 9.50320041 466.91587200 -77.29190826 20.00000000
9.18836449 0.00044402 6.95146855 206.91206400 -79.34912872 180.00000000
123.54285714 0.12316615 37.81836727 280.24441600 -67.04716492 30.00000000
47.83052632 0.02199613 23.48675008 182.69595200 -67.10084534 30.00000000
65.31607143 0.01783669 7.08232581 113.84716800 -74.30473328 220.00000000
53.23411765 0.03437007 21.84682126 206.58897600 -69.00384521 70.00000000
132.15625000 0.10457119 23.33545272 142.75945600 -71.65502930 110.00000000
56.92718750 0.01859360 27.47520915 152.55827200 -69.93405151 60.00000381
103.73777778 0.03995748 22.95216819 184.99436800 -76.53623962 70.00000000
74.44166667 0.04495706 45.66068719 218.83196800 -60.47087479 50.00000000
13.50739726 -0.01099301 7.23411120 132.12965600 -69.91579437 340.00000000
121.98571429 0.06958540 18.37678396 64.46369200 -71.46207428 120.00000000
14.89000000 0.00667020 6.87940354 98.62913600 -75.81246185 370.00000000
76.82458333 0.02486722 33.85214323 181.44012800 -70.70110321 90.00000000
42.95619048 0.01546377 12.44718594 210.63512000 -72.05416107 150.00000000
68.84769231 0.03922953 51.82615406 399.77456000 -60.47595978 20.00000000
61.14933333 0.01226287 35.52747333 161.21174400 -59.64007568 50.00000000
139.51666667 0.14063412 50.02505475 107.08922400 -64.25030518 60.00000000
99.54000000 0.66847498 11.31741248 288.91657600 -66.16799164 130.00000000
127.26000000 0.03309647 45.04533573 152.17374400 -63.12169266 30.00000000
98.91944444 0.02730180 13.42917850 138.62532800 -69.30534363 209.99998474
20.96234043 -0.00016683 4.64536436 85.81499200 -73.38291931 590.00000000
61.51733333 0.01760632 29.75361425 198.26563200 -76.03790283 50.00000000
58.61875000 0.01106332 24.43857317 360.54425600 -64.97409821 20.00000000
115.23428571 0.09638802 26.54219800 197.94712000 -70.49734497 60.00000000
117.95666667 0.15068193 26.28199275 116.09022400 -73.02037811 130.00000000
184.09000000 0.95817263 19.56217123 26.18181800 -71.44352722 470.00000000
69.59846154 0.01793125 28.82961207 202.98656000 -75.58745575 50.00000000
86.14727273 0.00997874 13.34399000 193.74499200 -73.28262329 130.00000000
37.17461538 0.01173993 37.99276903 407.42966400 -63.05999756 50.00000000
79.94727273 0.02526632 19.47472250 352.19356800 -76.23142242 130.00000000
95.62800000 0.06903209 15.49359121 103.00099200 -71.91203308 160.00000000
377.67000000 0.96663754 16.27964664 31.59047200 -71.14040375 450.00000000
65.55357143 0.04066940 54.03598649 159.27724800 -66.95989227 40.00000000
95.11100000 0.10911886 15.44005323 149.07001600 -71.14360809 150.00000000
12.23775000 0.00273546 5.35597487 122.26062400 -69.43003082 350.00000000
12.52181818 0.00539821 6.93694639 181.89430400 -74.73629761 230.00000000
76.51045455 0.03884272 18.18791945 137.68547200 -83.62197113 90.00000000
18.01111111 0.00561773 4.25621235 143.03454400 -68.00962067 220.00000000
31.50600000 0.01096385 10.23900473 594.84390400 -74.57646942 50.00000000
49.29708333 0.03768787 20.67276757 120.81857600 -76.78958893 90.00000000
85.78909091 -0.00199313 15.85087182 168.46665600 -67.30859375 110.00000000
8.06666667 0.04164818 6.27210758 186.30051200 -79.46916962 249.99998474
74.53000000 0.05845827 83.60993174 190.30092800 -67.38410950 70.00000000
85.02454545 0.02239810 27.60472776 164.92979200 -63.83806610 130.00000000
16.95392857 -0.00169498 9.81682439 315.52608000 -71.13240814 70.00000000
16.47796610 0.00110146 11.18399932 312.13164800 -68.39940643 70.00000000
75.21500000 -0.03993760 6.95681810 107.31484800 -74.07720184 330.00000000
169.19200000 0.19078851 44.87622529 119.79623200 -71.31990051 130.00000000
15.79764151 0.00103801 5.03338326 91.54838400 -79.88938904 509.99996948
41.73318182 0.00830902 22.64241927 144.93729600 -61.26511383 50.00000000
244.10666667 0.51220896 20.44816662 67.98776000 -70.70505524 210.00000000
147.96100000 0.29469712 29.13573664 290.01340800 -75.01185608 110.00000000
66.51384615 0.06237539 10.50845682 329.57654400 -72.34403229 60.00000000
79.58333333 0.06322922 11.06691661 280.87756800 -69.06355286 70.00000000
8.88125000 0.00072911 13.58198602 167.09305600 -64.32668304 280.00000000
121.08250000 0.15059454 29.73043138 222.03782400 -57.13286972 90.00000000
95.88200000 0.07207333 19.50137159 278.63865600 -59.77737427 70.00000000
77.67833333 0.09083277 39.12113514 287.63436800 -71.74584198 30.00000000
11.33126437 0.00209872 9.41288213 193.29675200 -70.18878174 190.00000000
43.71300000 -0.00923110 7.03158570 131.00905600 -67.17166901 150.00000000
83.09875000 0.17912933 23.67126461 179.63107200 -78.33370972 110.00000000
62.87600000 0.03975262 39.00515171 346.92406400 -75.43963623 90.00000000
93.46666667 0.11323310 19.51160700 155.37465600 -76.58605957 170.00000000
43.07454545 -0.00647406 10.70290333 277.13747200 -62.26888275 70.00000000
13.85250000 0.15646995 10.92507543 175.04539200 -74.67279053 210.00000000
70.98000000 0.06705642 18.01310897 291.55923200 -67.51156616 70.00000000
29.66821429 0.00208934 5.11785034 133.16060000 -74.11607361 200.00000000
45.41952381 0.00879904 24.97532276 173.96680000 -73.61124420 90.00000000
53.53647059 0.01500988 24.00325275 181.74902400 -65.23100281 30.00000191
98.51250000 0.06960120 30.74795028 323.30400000 -68.79566956 30.00000000
29.92500000 0.14240787 42.61668966 375.67472000 -60.44156647 40.00000000
18.33629630 0.00460048 5.84128565 145.86942400 -76.52603149 330.00000000
