# full ephys_features.csv random sample seed=42 n=256 of 1977
256
94.92857143 0.06528514 28.83369934 161.06316800 -74.41447449 170.00000000
93.74400000 0.07898608 22.36202195 151.26038400 -69.09783173 190.00000000
130.19142857 0.17360942 20.35990162 122.71236000 -70.29522705 110.00000000
101.62222222 0.00722838 9.43116044 142.38528000 -71.50636292 150.00000000
74.08461538 0.07908678 11.62834314 260.73638400 -75.76101685 100.00000000
144.20400000 0.24635799 14.53659353 136.61270400 -77.81948090 310.00000000
116.77437500 0.13928821 17.36463420 178.19948800 -77.04054260 90.00000000
58.85250000 0.07981166 13.03708183 208.03192000 -81.57537842 110.00000000
113.14000000 0.06819752 20.77312748 81.04311200 -81.18585205 310.00000000
276.94000000 0.14436340 27.77082500 67.69592000 -68.35531616 170.00000000
376.28000000 -0.02886149 38.13849634 109.84763200 -74.64259338 150.00000000
18.19222222 0.00369152 8.72970748 267.34308800 -70.46183014 80.00000000
54.02500000 0.35714947 14.11066466 118.51685600 -79.46175385 170.00000000
18.63500000 0.04374111 8.42537679 239.18777600 -73.84954834 110.00000000
105.96125000 0.03866902 24.24221311 116.33856800 -79.88066101 130.00000000
23.65000000 0.25198433 23.75590447 455.84038400 -71.03095245 50.00000000
135.14333333 0.04367209 15.71174051 87.72123200 -79.21422577 250.00000000
34.15678571 0.00489874 10.93781356 184.53995200 -71.70148468 100.00000000
299.24666667 0.46768351 21.50906584 176.86475200 -75.46813965 130.00000000
38.89120000 0.00481718 15.01061248 491.30332800 -72.13717651 50.00000000
72.39076923 0.02858102 32.28820332 300.66304000 -68.42671204 50.00000000
128.22000000 0.02671785 29.58285450 130.88609600 -73.83969116 90.00000000
96.07000000 0.06097673 28.59825677 251.93779200 -67.13788605 50.00000000
194.63500000 0.15700923 23.54691339 52.86777600 -71.48204803 190.00000000
101.53611111 0.08687818 16.17767183 149.06678400 -68.41317749 50.00000000
151.49333333 0.19939334 16.33833272 237.47440000 -69.08446503 210.00000000
59.91466667 -0.01497529 9.18864002 158.30779200 -69.08229065 170.00000000
8.59875000 0.02570602 6.30957888 95.58364000 -70.01807404 400.00000000
80.40636364 0.08805912 17.17763025 356.36832000 -73.16152191 80.00000000
81.58500000 0.08829088 25.87855566 195.85555200 -75.92693329 150.00000000
110.32000000 0.15368786 46.81525459 79.25676000 -60.32508087 50.00000000
30.51375000 0.00396958 14.99345835 388.11929600 -66.51364899 60.00000000
53.99428571 0.06219258 20.72360324 465.91692800 -69.84970093 50.00000000
139.31428571 0.10076977 37.50876113 297.61920000 -58.27880859 30.00000000
105.35714286 0.12518822 36.60444413 311.53043200 -68.23964691 30.00000000
73.97958333 0.02795203 23.02704890 161.91542400 -72.43116760 90.00000000
97.85333333 0.04624971 31.50149577 293.80272000 -72.11582184 60.00000000
168.45000000 0.30625729 33.74270666 54.02715200 -72.49013519 230.00000000
62.85200000 0.01071583 33.32389256 234.66105600 -59.17125702 40.00000000
50.50421053 0.04240745 24.10066220 340.24406400 -64.94191742 40.00000000
81.51272727 0.01436588 25.90218737 181.72803200 -61.85059357 50.00000000
72.36153846 0.01514826 37.01572138 153.42459200 -62.75639343 50.00000000
37.48320000 0.02223697 12.37025448 639.64800000 -70.12418365 20.00000000
79.91818182 0.00950731 20.49839315 111.61011200 -67.25919342 70.00000000
136.60166667 0.40179676 14.78521739 154.82409600 -74.18266296 130.00000000
21.29260870 0.00863740 9.22453615 287.49068800 -67.52693939 80.00000000
159.01333333 0.07089552 24.87438929 192.76652800 -60.28359604 160.00000000
31.20000000 0.05192308 18.15494284 211.25273600 -60.22387695 50.00000000
93.42900000 0.02590651 17.82524773 139.46337600 -72.85210419 130.00000000
59.55200000 0.03123004 24.84997572 243.88267200 -66.34108734 50.00000000
118.63071429 0.00196877 13.27194478 96.90657600 -71.45566559 190.00000000
86.65363636 0.02325303 17.76605752 201.38180800 -77.60026550 90.00000000
293.97333333 0.68199258 37.15441286 88.66674400 -71.11229706 90.00000000
40.30333333 0.02272264 8.24788087 223.53443200 -69.10003662 80.00000000
35.60666667 -0.00152473 13.85464882 188.65161600 -65.83689880 60.00000000
16.11000000 0.08255742 9.50320041 466.91587200 -77.29190826 20.00000000
9.18836449 0.00044402 6.95146855 206.91206400 -79.34912872 180.00000000
123.54285714 0.12316615 37.81836727 280.24441600 -67.04716492 30.00000000
47.83052632 0.02199613 23.48675008 182.69595200 -67.10084534 30.00000000
65.31607143 0.01783669 7.08232581 113.84716800 -74.30473328 220.00000000
53.23411765 0.03437007 21.84682126 206.58897600 -69.00384521 70.00000000
132.15625000 0.10457119 23.33545272 142.75945600 -71.65502930 110.00000000
56.92718750 0.01859360 27.47520915 152.55827200 -69.93405151 60.00000381
103.73777778 0.03995748 22.95216819 184.99436800 -76.53623962 70.00000000
74.44166667 0.04495706 45.66068719 218.83196800 -60.47087479 50.00000000
13.50739726 -0.01099301 7.23411120 132.12965600 -69.91579437 340.00000000
121.98571429 0.06958540 18.37678396 64.46369200 -71.46207428 120.00000000
14.89000000 0.00667020 6.87940354 98.62913600 -75.81246185 370.00000000
76.82458333 0.02486722 33.85214323 181.44012800 -70.70110321 90.00000000
42.95619048 0.01546377 12.44718594 210.63512000 -72.05416107 150.00000000
68.84769231 0.03922953 51.82615406 399.77456000 -60.47595978 20.00000000
61.14933333 0.01226287 35.52747333 161.21174400 -59.64007568 50.00000000
139.51666667 0.14063412 50.02505475 107.08922400 -64.25030518 60.00000000
99.54000000 0.66847498 11.31741248 288.91657600 -66.16799164 130.00000000
127.26000000 0.03309647 45.04533573 152.17374400 -63.12169266 30.00000000
98.91944444 0.02730180 13.42917850 138.62532800 -69.30534363 209.99998474
20.96234043 -0.00016683 4.64536436 85.81499200 -73.38291931 590.00000000
61.51733333 0.01760632 29.75361425 198.26563200 -76.03790283 50.00000000
58.61875000 0.01106332 24.43857317 360.54425600 -64.97409821 20.00000000
115.23428571 0.09638802 26.54219800 197.94712000 -70.49734497 60.00000000
117.95666667 0.15068193 26.28199275 116.09022400 -73.02037811 130.00000000
184.09000000 0.95817263 19.56217123 26.18181800 -71.44352722 470.00000000
69.59846154 0.01793125 28.82961207 202.98656000 -75.58745575 50.00000000
86.14727273 0.00997874 13.34399000 193.74499200 -73.28262329 130.00000000
37.17461538 0.01173993 37.99276903 407.42966400 -63.05999756 50.00000000
79.94727273 0.02526632 19.47472250 352.19356800 -76.23142242 130.00000000
95.62800000 0.06903209 15.49359121 103.00099200 -71.91203308 160.00000000
377.67000000 0.96663754 16.27964664 31.59047200 -71.14040375 450.00000000
65.55357143 0.04066940 54.03598649 159.27724800 -66.95989227 40.00000000
95.11100000 0.10911886 15.44005323 149.07001600 -71.14360809 150.00000000
12.23775000 0.00273546 5.35597487 122.26062400 -69.43003082 350.00000000
12.52181818 0.00539821 6.93694639 181.89430400 -74.73629761 230.00000000
76.51045455 0.03884272 18.18791945 137.68547200 -83.62197113 90.00000000
18.01111111 0.00561773 4.25621235 143.03454400 -68.00962067 220.00000000
31.50600000 0.01096385 10.23900473 594.84390400 -74.57646942 50.00000000
49.29708333 0.03768787 20.67276757 120.81857600 -76.78958893 90.00000000
85.78909091 -0.00199313 15.85087182 168.46665600 -67.30859375 110.00000000
8.06666667 0.04164818 6.27210758 186.30051200 -79.46916962 249.99998474
74.53000000 0.05845827 83.60993174 190.30092800 -67.38410950 70.00000000
85.02454545 0.02239810 27.60472776 164.92979200 -63.83806610 130.00000000
16.95392857 -0.00169498 9.81682439 315.52608000 -71.13240814 70.00000000
16.47796610 0.00110146 11.18399932 312.13164800 -68.39940643 70.00000000
75.21500000 -0.03993760 6.95681810 107.31484800 -74.07720184 330.00000000
169.19200000 0.19078851 44.87622529 119.79623200 -71.31990051 130.00000000
15.79764151 0.00103801 5.03338326 91.54838400 -79.88938904 509.99996948
41.73318182 0.00830902 22.64241927 144.93729600 -61.26511383 50.00000000
244.10666667 0.51220896 20.44816662 67.98776000 -70.70505524 210.00000000
147.96100000 0.29469712 29.13573664 290.01340800 -75.01185608 110.00000000
66.51384615 0.06237539 10.50845682 329.57654400 -72.34403229 60.00000000
79.58333333 0.06322922 11.06691661 280.87756800 -69.06355286 70.00000000
8.88125000 0.00072911 13.58198602 167.09305600 -64.32668304 280.00000000
121.08250000 0.15059454 29.73043138 222.03782400 -57.13286972 90.00000000
95.88200000 0.07207333 19.50137159 278.63865600 -59.77737427 70.00000000
77.67833333 0.09083277 39.12113514 287.63436800 -71.74584198 30.00000000
11.33126437 0.00209872 9.41288213 193.29675200 -70.18878174 190.00000000
43.71300000 -0.00923110 7.03158570 131.00905600 -67.17166901 150.00000000
83.09875000 0.17912933 23.67126461 179.63107200 -78.33370972 110.00000000
62.87600000 0.03975262 39.00515171 346.92406400 -75.43963623 90.00000000
93.46666667 0.11323310 19.51160700 155.37465600 -76.58605957 170.00000000
43.07454545 -0.00647406 10.70290333 277.13747200 -62.26888275 70.00000000
13.85250000 0.15646995 10.92507543 175.04539200 -74.67279053 210.00000000
70.98000000 0.06705642 18.01310897 291.55923200 -67.51156616 70.00000000
29.66821429 0.00208934 5.11785034 133.16060000 -74.11607361 200.00000000
45.41952381 0.00879904 24.97532276 173.96680000 -73.61124420 90.00000000
53.53647059 0.01500988 24.00325275 181.74902400 -65.23100281 30.00000191
98.51250000 0.06960120 30.74795028 323.30400000 -68.79566956 30.00000000
29.92500000 0.14240787 42.61668966 375.67472000 -60.44156647 40.00000000
18.33629630 0.00460048 5.84128565 145.86942400 -76.52603149 330.00000000
90.26000000 0.04500181 12.70265283 176.92920000 -85.15707397 110.00000000
64.09571429 0.01803938 14.97923771 121.52755200 -78.69704437 70.00000000
92.84800000 0.05280321 33.04686954 504.24883200 -73.03413391 50.00000000
20.89111111 0.00398578 5.06847055 101.41624000 -78.49951172 340.00000000
182.63500000 0.37181875 12.28515085 327.91904000 -72.47555542 50.00000000
169.00000000 0.18173325 25.25284641 110.23584000 -70.58217621 110.00000000
17.42000000 0.03662294 6.55425992 160.80744000 -71.98477936 200.00000000
66.38000000 0.20767187 25.64780148 228.71707200 -66.12167358 50.00000000
247.00000000 0.15996942 18.32532899 54.98564800 -75.51889801 330.00000000
94.88888889 0.03330462 18.83258882 177.36217600 -75.54875946 90.00000000
80.72000000 0.05835647 15.73926223 274.80464000 -64.71183777 80.00000000
131.88285714 0.08333377 45.46543760 143.43462400 -72.23789978 130.00000000
83.40181818 0.02411946 24.72129302 264.56561600 -74.57196045 70.00000000
65.80000000 0.02386999 27.35811952 186.56547200 -61.86167526 30.00000000
108.52444444 0.01481762 8.30990823 201.54854400 -77.63979340 200.00000000
91.76400000 0.04320644 16.19636559 178.29196800 -65.27490234 110.00000000
16.60338983 0.00319956 9.55324627 288.78636800 -69.07585907 70.00000000
97.84277778 0.07448620 20.00680230 119.35006400 -72.57830048 90.00000000
12.42468354 0.00045722 8.00156402 153.38758400 -79.72119141 350.00000000
12.22904762 0.00196813 19.65720184 380.89241600 -68.71028900 120.00000763
94.87000000 0.09425051 21.63651848 116.96948800 -78.84489441 150.00000000
44.86666667 0.00599028 11.43596528 212.60224000 -62.13972855 50.00000000
153.94000000 0.28505871 17.33529442 268.19705600 -72.33971405 90.00000000
73.11833333 -0.00789015 9.10007440 135.50038400 -67.11760712 90.00000000
31.84516129 -0.02164910 13.07185290 185.80596800 -72.67508698 210.00000000
184.13333333 0.05969048 14.56663002 306.11971200 -68.35307312 90.00000000
20.55148936 0.01550535 11.64686935 366.96428800 -59.58162689 30.00000000
42.66000000 0.01933617 13.55386747 182.05465600 -62.31948853 90.00000000
73.38222222 0.04512824 17.45905487 154.85828800 -71.17376709 110.00000000
113.67062500 0.09212099 49.71674117 253.89953600 -61.39517975 30.00000191
72.02461538 0.02350355 24.95073321 339.43174400 -74.53068542 90.00000000
44.72619048 0.00444071 19.89815903 189.84988800 -71.81505585 119.99999237
65.11571429 -0.00850623 8.35585319 192.27932800 -79.09416962 180.00000000
38.78480000 -0.00779661 8.90110272 214.12710400 -69.77774811 90.00000000
293.97000000 0.59575852 22.11167083 188.39744000 -72.47425079 90.00000000
100.53562500 0.00919396 15.06917466 116.22232000 -82.19258881 170.00000000
41.00869565 0.01707431 23.66954994 323.25568000 -66.37525940 30.00000000
40.61478261 0.02813761 22.54348178 266.91747200 -67.57228851 70.00000000
47.56100000 0.00933998 8.28706192 195.78697600 -67.42263031 130.00000000
59.28375000 -0.00473133 5.91413611 115.86054400 -78.85063934 190.00000000
149.05333333 0.05132139 36.48428288 87.76630400 -67.92623901 70.00000000
79.58000000 0.05956682 36.69431894 234.04387200 -65.04956818 50.00000000
60.79750000 0.06176383 18.51828315 422.43350400 -70.12943268 30.00000000
43.26954545 0.02298750 17.65463861 159.01467200 -78.75450897 50.00000000
120.35142857 0.04671217 26.70890675 153.71723200 -79.58374786 170.00000000
21.29000000 0.25716299 10.29103644 180.51833600 -76.86457825 130.00000000
13.30400000 0.01178761 6.75079950 197.83328000 -78.06531525 210.00000000
18.06592593 -0.00043267 6.72712413 160.82348800 -73.36428070 340.00000000
97.86222222 0.01658559 18.51201439 152.43116800 -66.61477661 130.00000000
29.30433333 -0.00857484 6.85231083 112.28127200 -82.11767578 350.00000000
80.55454545 0.00852773 8.68513538 156.94336000 -71.41191864 210.00000000
57.69750000 0.11316287 23.86579659 193.91228800 -77.79315948 130.00000000
119.36750000 -0.00336362 9.93771925 165.53859200 -73.50350189 140.00000000
61.63466667 0.00803309 24.71295947 249.79523200 -70.92526245 70.00000000
48.58657895 0.02710430 24.80419496 196.80441600 -67.72437286 40.00000000
26.94222222 0.00289163 9.19590879 202.14659200 -72.58172607 130.00000000
94.33200000 0.13892924 33.84240546 168.43886400 -72.22658539 220.00000000
59.41433333 0.05242426 25.68308275 142.90768000 -80.62651062 70.00000000
62.56000000 0.01918126 28.29065968 175.23172800 -68.58087158 40.00000000
54.65600000 0.04343466 18.46734999 239.99796800 -74.30641174 110.00000000
68.66666667 0.18844116 20.50220126 451.42185600 -83.20810699 130.00000000
73.38700000 0.12039099 24.35058888 152.59276800 -72.42537689 90.00000000
72.22000000 -0.02642516 7.66292134 131.10069600 -68.98834991 210.00000000
110.94500000 0.07548907 17.84769881 97.87244000 -75.84556580 170.00000000
179.81600000 0.27858393 21.75693124 317.46166400 -60.66174698 70.00000000
64.78714286 0.00579257 23.75877872 344.80784000 -67.22801971 29.99999809
23.96666667 0.12005783 12.33384936 513.46438400 -72.99589539 50.00000000
55.24000000 0.22194062 19.52773646 177.17712000 -73.60150909 170.00000000
67.43346154 0.02905992 15.78143974 170.93782400 -76.22882080 110.00000000
12.70076923 -0.00020463 6.09274726 151.10438400 -73.29554749 330.00000000
76.67875000 0.05978264 19.94620678 146.05865600 -77.57312775 90.00000000
86.00909091 0.00131138 10.17950267 149.63356800 -78.32901764 170.00000000
12.25593750 0.00288391 5.37101240 124.34842400 -75.49028778 290.00000000
19.48666667 0.00174642 6.46706909 225.34889600 -76.45797729 150.00000000
15.32107143 0.00534252 4.59117806 74.37362400 -77.08603668 620.00000000
91.62400000 0.00317416 13.15922184 127.30826400 -64.63416290 70.00000000
74.37666667 0.03631554 31.38964231 160.71710400 -73.63483429 90.00000000
104.41111111 0.14544693 27.90213535 407.08025600 -74.33725739 70.00000000
45.12250000 0.23042828 14.58636245 182.62889600 -81.74201202 209.99998474
50.93888889 0.00599313 25.36531253 217.49763200 -77.11360168 150.00000000
39.30782609 0.00688529 10.46467909 181.89900800 -68.87374878 110.00000000
139.45800000 0.18815431 14.05473574 164.14948800 -71.64956665 270.00000000
320.91500000 0.89134194 24.02885838 61.57135200 -71.31397247 210.00000000
61.05000000 0.02196157 35.68402419 120.12927200 -69.08451080 50.00000000
59.68500000 -0.00424233 8.53407808 238.48268800 -74.53776550 170.00000000
50.96736842 0.01609154 10.26546860 525.31881600 -70.12631989 110.00000000
69.85000000 -0.00219062 9.20549921 179.21692800 -72.26215363 130.00000000
78.76166667 0.02491167 30.40432696 276.72358400 -72.22188568 90.00000000
65.29142857 0.02141933 13.81155069 193.19430400 -74.47103119 119.99999237
47.56200000 0.00911740 26.15491508 268.96899200 -67.14212036 30.00000000
37.50640000 0.01154607 24.80642160 204.17308800 -77.49941254 40.00000000
62.49666667 0.03110506 35.17737297 338.62912000 -72.08177948 30.00000191
117.81642857 -0.00789849 7.61616356 151.19334400 -75.20555878 270.00000000
18.67615385 0.00799371 8.25571814 232.55614400 -73.38925934 130.00000000
10.92848485 0.00413077 7.62664178 215.41444800 -72.80056000 249.99998474
81.56909091 0.05660287 17.38015100 140.10598400 -66.04310608 90.00000000
52.38888889 0.01461105 15.95061757 513.15244800 -67.03196716 40.00000000
89.79400000 0.04583414 39.86198199 374.96294400 -59.08707809 29.99999809
86.51200000 0.01533694 14.86856874 201.38332800 -65.89704132 90.00000000
58.66562500 0.00622998 21.09709903 154.85468800 -73.03672028 90.00000000
127.33000000 0.21134061 23.50116686 168.86534400 -76.00713348 130.00000000
169.03600000 0.04848964 25.45816099 100.65792000 -78.41981506 150.00000000
109.63750000 0.01251649 63.67022273 270.28297600 -63.36769485 30.00000000
89.22200000 0.01099931 16.94884680 188.39000000 -73.64279175 80.00000000
56.16352941 0.01351677 25.87831580 321.10841600 -70.78517151 50.00000000
319.50666667 0.63810650 19.93997757 142.88865600 -69.30884552 150.00000000
61.01200000 0.02913030 26.75755785 322.77750400 -66.45721436 30.00000000
95.00888889 0.01125895 21.54413955 249.94812800 -71.27861023 90.00000000
162.30000000 0.00935548 42.89184416 82.92492000 -77.68810272 250.00000000
98.62222222 0.01945826 35.58030374 88.06633600 -67.45191956 40.00000000
18.08787037 0.00337827 11.38039264 160.04636800 -77.91981506 230.00000000
79.52166667 0.02705562 6.62472188 220.72056000 -76.09017944 130.00000000
11.72000000 0.04542985 7.04578616 195.52376000 -77.95465088 210.00000000
202.67500000 0.23388718 15.21018377 62.93180400 -73.49223328 270.00000000
72.30961538 0.03062275 16.40000663 161.19324800 -74.22068024 70.00000000
38.42000000 0.24498570 28.26458419 427.49270400 -66.97903442 50.00000000
138.43666667 0.09777260 15.59019398 105.23094400 -70.03012085 150.00000000
134.19428571 0.26986541 10.32062725 479.76364800 -78.46760559 100.00000000
10.13324675 0.00175641 13.74360889 166.92131200 -65.14016724 190.00000000
98.44888889 0.05556761 15.77940059 174.40406400 -72.97252655 130.00000000
51.84526316 0.09132920 10.59107749 394.98582400 -67.96465302 70.00000000
10.16845361 -0.00007728 14.24761713 239.24468800 -65.88147736 160.00000000
70.37538462 0.02979283 20.81472400 236.34192000 -73.46124268 70.00000000
30.78000000 0.00407676 12.57581134 146.37916800 -66.43163300 200.00000000
56.22800000 0.16761601 23.38359529 242.50134400 -73.67416382 60.00000000
46.95675000 0.00354385 8.94008081 170.03102400 -69.44982910 110.00000000
119.32285714 0.06668516 51.76056102 202.18428800 -79.26477814 80.00000000
36.70538462 0.00450381 16.56796480 221.24208000 -65.66378021 80.00000000
