# class=VIP mouse Cre stratified seed=42 n=64 of 139
64
25.94500000 0.04558699 10.33166822 248.92866611 -68.42966461 50.00000000
56.73000000 0.01537208 26.13564319 285.00002623 -72.93611145 50.00000000
42.01478261 0.02769452 13.82589592 254.06253338 -67.69890594 60.00000000
23.96666667 0.12005783 12.33384936 228.90621424 -72.99589539 50.00000000
37.48320000 0.02223697 12.37025448 153.12537551 -70.12418365 20.00000000
32.36413793 0.00488783 6.55104816 122.34378606 -63.37336731 130.00000000
73.15333333 0.04304332 19.52848648 109.85586792 -76.49302673 170.00000000
22.16800000 0.05380479 10.78979686 278.43749523 -63.17938995 10.00000000
64.04142857 0.02230105 20.53377596 167.18754172 -70.69628143 130.00000000
22.12136364 0.00809172 8.82903852 179.15168405 -71.52575684 30.00000000
47.34200000 0.02855336 26.21484862 259.37503576 -58.71591949 50.00000000
66.51384615 0.06237539 10.50845682 259.68754292 -72.34403229 60.00000000
38.89120000 0.00481718 15.01061248 249.21886623 -72.13717651 50.00000000
90.96800000 -0.00599344 6.53207598 90.93761444 -80.34249115 249.99998474
76.57000000 0.03126962 24.12641978 196.56257331 -79.66162872 90.00000000
75.65000000 -0.00935041 8.41276168 107.96878487 -74.05693054 170.00000000
60.98000000 0.02667958 13.12319826 206.09374344 -73.67960358 50.00000000
24.66000000 0.01390950 12.47450378 280.78129888 -72.29472351 50.00000000
64.14142857 0.03416760 16.87302658 252.65637040 -60.28168488 40.00000000
102.64000000 0.06466952 32.22366672 222.81257808 -74.36097717 40.00000000
28.35588235 0.01649362 16.39313368 273.28121662 -64.79066467 30.00000000
84.72000000 0.00642816 13.79128868 260.31240821 -71.60786438 20.00000000
60.53466667 0.01476435 15.21797754 151.56249702 -74.70534515 170.00000000
31.07806452 0.02220768 10.98801114 271.40629292 -69.23754120 50.00000000
44.90190476 0.04218766 10.73980504 109.06250030 -74.73244476 100.00000000
25.27105263 0.01246408 7.29639456 115.62500149 -77.75634003 230.00000000
52.41466667 0.01545189 22.93585311 366.56254530 -59.98479843 30.00000000
16.75965517 0.00883007 7.14077478 130.31245768 -76.22191620 160.00000000
63.66857143 0.08555651 11.17311023 226.40629113 -73.72788239 20.00000000
27.85333333 0.23979595 14.84424246 209.53136683 -70.44384766 60.00000000
18.67615385 0.00799371 8.25571814 157.18749166 -73.38925934 130.00000000
54.58352941 0.02466975 5.56734771 165.62537849 -75.91374207 30.00000000
20.28000000 0.30881663 18.12690929 281.87507391 -61.81156158 70.00000000
47.67777778 0.11516529 16.76674458 228.75007987 -69.15457916 30.00000000
49.11157895 0.02256308 13.00244955 215.78124166 -76.48242950 20.00000000
28.64882353 0.00341207 8.60938059 163.28121722 -68.46780396 130.00000000
45.19333333 0.07272847 23.47489817 282.65616298 -63.22340012 30.00000000
33.23379310 0.01800668 12.03380699 235.93764007 -72.69729614 30.00000000
12.77000000 0.17619421 6.90951034 124.47928637 -76.39223480 270.00000000
25.06000000 0.05934340 15.52109128 259.37539339 -63.46687317 40.00000000
79.58000000 0.05956682 36.69431894 258.90624523 -65.04956818 50.00000000
59.46000000 0.05348282 13.96821780 138.75006139 -65.17946625 100.00000000
24.88666667 0.41037437 20.22643492 287.34380007 -69.81610870 40.00000000
12.70076923 -0.00020463 6.09274726 124.53117222 -73.29554749 330.00000000
31.10714286 0.02367985 16.45325719 287.03129292 -66.09343719 30.00000000
67.02181818 0.09840450 9.87453133 170.00000179 -67.16606903 119.99999237
12.52181818 0.00539821 6.93694639 115.93757570 -74.73629761 230.00000000
103.54000000 0.24674814 25.13431793 257.50011206 -71.85995483 110.00000000
27.09818182 0.01612242 12.87842983 258.59379768 -75.18585968 90.00000000
101.44000000 0.55914826 22.13381288 162.34371066 -67.34019470 150.00000000
45.42857143 0.04240094 16.41201481 264.68747854 -60.54540253 30.00000000
22.17636364 0.00633180 16.21680222 322.65624404 -67.58212280 20.00000000
135.14333333 0.04367209 15.71174051 57.49992281 -79.21422577 250.00000000
39.24640000 0.01024345 18.78731821 368.59387159 -60.05573654 20.00000000
12.94312500 0.00580080 6.66862868 100.31261295 -70.61030579 270.00000000
12.01189873 0.00119261 7.50448355 63.28136474 -73.92697906 550.00000000
78.95090909 -0.01509753 5.16657373 102.96870768 -72.71203613 280.00000000
35.31500000 0.00533171 15.74572639 265.62482119 -59.92427063 60.00000000
28.11828571 0.02130375 11.50731136 272.34378457 -65.70260620 29.99999809
22.17116279 0.00527092 13.26796034 273.75003695 -69.68316650 30.00000000
56.35875000 0.03948692 17.76829715 287.50008345 -61.72577286 50.00000000
33.36068966 0.01968054 8.05834429 162.50018775 -73.97757721 50.00000000
72.22000000 -0.02642516 7.66292134 90.49118310 -68.98834991 210.00000000
27.93000000 -0.16720372 14.32785258 203.59374583 -66.49992371 130.00000000
