# class=SST mouse Cre stratified seed=42 n=64 of 138
64
19.89000000 0.26416016 28.68488422 345.13223171 -75.55773926 50.00000000
160.54333333 0.29770508 30.81864605 484.37497020 -70.69855499 50.00000000
49.98842105 0.02305175 23.24448837 232.03131557 -70.61534882 70.00000000
44.79750000 0.39349294 14.19003482 183.90621245 -77.70487213 130.00000000
118.39714286 0.04870883 13.75795771 147.65624702 -65.50304413 170.00000000
115.59500000 0.58646095 10.86019246 165.46879709 -69.45964813 130.00000000
45.81250000 0.22302865 22.53014077 221.07142210 -72.03316498 110.00000000
39.45895833 0.02457798 16.54419791 150.00000596 -69.60073090 50.00000000
38.72000000 0.00469386 13.99134042 187.65620887 -79.20354462 90.00000000
49.98166667 0.03140916 18.99363198 210.78129113 -68.21110535 60.00000381
123.60571429 0.20543041 41.76433176 285.31253338 -68.36675262 60.00000000
17.59000000 0.00350107 23.01003024 236.56246066 -64.31037140 110.00000000
52.58416667 0.01437154 22.71644481 244.37507987 -72.79585266 70.00000000
46.27575000 0.01840077 18.35929767 207.65632391 -73.30742645 70.00000000
148.37666667 0.17525901 52.06045327 291.40621424 -65.84806824 70.00000000
32.16000000 0.06729489 12.52010583 143.90628040 -73.18634033 150.00000000
45.28619048 0.01620608 15.87909166 203.12497020 -75.67296600 110.00000000
57.34636364 0.12648956 14.16308445 195.62499225 -73.62945557 100.00000000
62.90857143 0.02174841 23.38474392 268.75007153 -67.78839874 60.00000000
108.51500000 0.22686722 15.78016119 180.35711348 -69.91544342 170.00000000
52.28400000 0.30264686 39.54946547 371.87534571 -74.09431458 110.00000000
27.01263889 0.00554311 25.75193283 321.87503576 -60.23791504 50.00000000
10.97000000 0.10711030 7.39733521 135.15621424 -76.03022766 170.00000000
46.47800000 0.01162436 46.75751807 450.78134537 -61.16090012 30.00000000
30.75883333 0.00312046 12.18555888 181.87496066 -79.63563538 130.00000000
41.76391304 0.05114593 25.39294432 367.65626073 -72.70935822 29.99999809
33.96357143 0.01465463 28.52284787 302.34378576 -64.84938812 20.00000000
87.37200000 0.06748126 44.68012551 307.34387040 -59.96723557 50.00000000
55.48117647 0.02719332 26.35311486 282.81247616 -71.92722321 110.00000000
49.98421053 0.01295025 47.71924094 383.28123093 -70.07182312 30.00000000
124.35642857 0.19679878 19.18014471 178.28129232 -73.30449677 110.00000000
23.98250000 0.27509642 13.65838661 192.18769670 -68.99702454 90.00000000
88.73000000 0.05972407 42.73835882 265.93744755 -60.46131897 40.00000000
94.74000000 0.73844205 36.72131875 262.49998808 -58.67586899 10.00000000
50.63138889 0.04797789 16.72645496 188.74992430 -76.12651062 90.00000000
20.51000000 0.19296437 36.47559162 324.21877980 -71.40005493 70.00000000
21.41922222 0.00220872 12.61812494 235.62499881 -71.84592438 110.00000000
71.00769231 0.03069571 23.51016651 211.87499166 -70.39728546 90.00000000
80.40636364 0.08805912 17.17763025 262.89051771 -73.16152191 80.00000000
139.31428571 0.10076977 37.50876113 360.62505841 -58.27880859 30.00000000
39.77166667 0.16351876 17.67478487 143.74999702 -70.99865723 90.00000000
477.10000000 0.85671767 35.23558347 250.46876073 -64.08144379 70.00000000
48.41894737 0.02175080 13.89349462 194.53121722 -75.59963226 90.00000000
50.14111111 0.02127115 18.51290315 234.21879113 -73.04283142 90.00000000
15.53349206 0.00354170 10.10870404 162.54471242 -70.60752869 110.00000000
137.27285714 -0.00591308 16.91103905 188.16949427 -72.67868805 210.00000000
13.85250000 0.15646995 10.92507543 139.53125477 -74.67279053 210.00000000
123.54285714 0.12316615 37.81836727 322.18754292 -67.04716492 30.00000000
83.94000000 0.04915766 49.15389225 379.21884656 -58.31634140 20.00000000
15.22584615 0.00647752 19.41604611 245.31249702 -72.58180237 130.00000000
65.47357143 0.02163716 26.08695804 218.28137338 -67.52542114 90.00000000
66.91357143 0.02492067 25.21004910 176.25008523 -68.32969666 70.00000000
18.21351852 0.00320756 11.33023795 219.21874583 -74.11423492 110.00000000
74.44166667 0.04495706 45.66068719 279.06250954 -60.47087479 50.00000000
39.77447368 0.03617383 38.74664960 476.56244040 -66.95246887 30.00000191
5.27909091 0.01054563 5.28479874 71.25011086 -73.84357452 460.00000000
19.57166667 0.15410854 32.86083291 251.56250596 -65.29910278 50.00000000
37.17461538 0.01173993 37.99276903 525.00045300 -63.05999756 50.00000000
78.59666667 0.18409586 13.35469316 203.90625298 -75.63542175 90.00000000
42.86739130 0.00800752 23.58965443 358.35337639 -66.24107361 20.00000000
30.88967742 0.00774559 9.18893679 137.03128695 -72.87428284 160.00000000
59.82500000 0.02133209 45.68222810 291.24984145 -63.77849960 40.00000000
108.60000000 0.25831744 44.28932733 325.78125596 -63.95539474 70.00000000
140.15000000 0.25106154 10.40434083 153.28124166 -70.61983490 90.00000000
