# class=Pyr mouse Cre stratified seed=42 n=96 of 682
96
94.07200000 0.04555040 11.78299150 149.15186167 -73.01085663 150.00000000
291.60000000 0.68573388 13.82800989 163.12506795 -70.83921051 50.00000000
92.18125000 0.26016506 23.80614401 191.56238437 -76.08911133 110.00000000
119.19214286 0.13877796 19.11874900 104.84378785 -74.87526703 230.00000000
45.12250000 0.23042828 14.58636245 118.90625209 -81.74201202 209.99998474
78.12333333 0.05041774 28.03559498 196.03358209 -68.15889740 70.00000000
44.86666667 0.00599028 11.43596528 179.06239629 -62.13972855 50.00000000
100.80833333 0.02663059 22.45411604 113.28125745 -77.24940491 110.00000000
76.32083333 0.02551616 15.42463822 134.21867788 -76.84444427 190.00000000
52.50055556 0.03588427 15.30944046 159.37499702 -80.14655304 100.00000000
87.37000000 0.06314175 19.05479751 162.96871006 -83.63230133 90.00000000
137.91250000 0.01984642 22.59451086 105.00007868 -77.27115631 130.00000000
73.38700000 0.12039099 24.35058888 168.28128695 -72.42537689 90.00000000
79.62727273 0.02064590 26.62986035 187.50000000 -61.03016663 30.00000000
98.48625000 0.12645618 19.04481003 126.40628219 -83.34430695 190.00000000
131.88285714 0.08333377 45.46543760 148.43751490 -72.23789978 130.00000000
128.22000000 0.02671785 29.58285450 123.39295447 -73.83969116 90.00000000
105.54222222 0.05267633 14.15578314 129.79908288 -77.20362091 150.00000000
61.95300000 0.01015936 21.87997083 254.06250358 -77.10065460 70.00000000
142.44000000 0.01440852 20.09975162 170.62495649 -66.70053864 110.00000000
97.82000000 0.02653563 23.43200632 116.71863496 -73.24443054 130.00000000
103.73777778 0.03995748 22.95216819 184.84382331 -76.53623962 70.00000000
125.05333333 0.12380714 25.76081011 102.65613347 -66.18363953 190.00000000
52.47300000 0.05968140 20.17603379 190.15629590 -75.36566162 130.00000000
58.90666667 0.02256719 17.13551701 180.46873808 -79.64185333 70.00000000
86.07600000 0.06075358 25.13739613 163.67177665 -64.78707886 50.00000000
64.19678571 0.02864639 22.29669639 195.00003755 -76.73403168 70.00000000
15.79764151 0.00103801 5.03338326 85.15643328 -79.88938904 509.99996948
58.05166667 0.01839199 35.84129168 230.04467785 -73.20832825 50.00000000
8.16826087 0.00381877 4.95116157 80.31254262 -78.21160889 310.00000000
103.19700000 0.08253626 19.81711903 156.56250715 -76.88082886 130.00000000
82.64818182 0.10074040 26.95925046 332.81245828 -74.89093781 70.00000000
60.61285714 0.13549220 11.62079009 130.31257689 -71.00006866 210.00000000
11.11892045 0.00163636 4.70420817 62.65636533 -71.43305969 310.00000000
65.13269231 0.02391461 20.04739483 198.90621305 -77.29013824 70.00000000
70.10500000 0.25182987 21.47952259 170.62504590 -75.34287262 150.00000000
95.65777778 0.01228064 18.82183521 149.99984205 -68.37887573 70.00000000
119.13000000 0.30109964 19.96245365 82.45534450 -76.09506989 209.99998474
58.77500000 0.02076953 27.12066722 183.28113854 -74.23861694 90.00000000
62.26266667 0.00836492 36.11117072 288.90627623 -60.04540253 30.00000000
81.56909091 0.05660287 17.38015100 122.18753994 -66.04310608 90.00000000
101.53611111 0.08687818 16.17767183 118.08037758 -68.41317749 50.00000000
61.38100000 0.02005937 18.67335650 178.28117311 -79.43058777 90.00000000
72.69958333 0.04369785 31.50161016 223.43750298 -72.13488007 90.00000000
71.57307692 0.04478344 21.48933854 211.25003695 -82.49079132 119.99999237
118.63071429 0.00196877 13.27194478 80.31257987 -71.45566559 190.00000000
125.92357143 0.09993216 23.69027413 120.15632540 -74.21265411 120.00000763
71.64541667 0.02669639 17.71643012 158.20312500 -74.87179565 80.00000000
54.33764706 0.01724314 27.67342544 252.34374404 -69.66165161 50.00000000
138.08333333 0.04730929 20.65213358 74.99988377 -78.18148804 190.00000000
77.00545455 0.03620303 30.50550633 213.75007927 -70.96060944 59.99999619
97.56187500 0.09702079 19.65435925 141.71883464 -73.44393921 90.00000000
53.78147059 0.03294654 20.74167898 193.43754649 -80.52465057 80.00000000
109.73250000 0.00851029 21.53854691 137.50007749 -75.55944061 70.00000000
132.15625000 0.10457119 23.33545272 122.34371156 -71.65502930 110.00000000
61.62533333 0.01970516 21.26131019 166.56242311 -79.36051178 90.00000000
76.67875000 0.05978264 19.94620678 132.03144073 -77.57312775 90.00000000
82.58727273 0.10663155 17.65872699 138.90616596 -75.12820435 170.00000000
83.43909091 0.02836258 20.17436685 232.96879232 -76.30155182 70.00000000
55.96031250 0.03199181 25.41147548 233.43761265 -72.74118042 70.00000000
73.97958333 0.02795203 23.02704890 167.03125834 -72.43116760 90.00000000
79.26500000 0.02075972 25.78794583 173.12496901 -77.81387329 90.00000000
64.79678571 0.01909148 21.12060471 219.37489510 -75.68000031 70.00000000
74.82250000 0.03629568 20.74003407 210.93738079 -77.84178925 90.00000000
59.21562500 0.02541307 19.72466049 205.15620708 -70.49221802 70.00000000
74.81250000 0.21857978 21.39422586 258.43748450 -71.55059814 90.00000000
75.40727273 -0.00844899 16.52732259 165.62499106 -74.60475159 70.00000000
86.43818182 0.03739445 22.27617917 167.81261563 -63.95668411 70.00000000
79.60000000 0.02594995 20.42162583 153.74992788 -68.50573730 70.00000000
55.53529412 0.00915259 10.19860559 150.15636384 -66.09661865 50.00000000
90.02857143 0.14364209 16.91377730 146.87499404 -82.72481537 209.99998474
53.73666667 0.01111835 29.64706036 356.25019670 -65.49545288 30.00000000
113.28571429 0.03132773 19.98469453 105.15628755 -77.12631989 150.00000000
138.00500000 0.00837116 10.97842756 85.93747765 -70.42330170 130.00000000
110.28625000 0.03603907 20.04526018 115.78132957 -75.17481995 130.00000000
92.25600000 0.06745253 62.56439829 305.93749881 -61.83399582 29.99999809
42.37391304 0.00910476 13.31768788 214.06249702 -75.41342926 130.00000000
43.26954545 0.02298750 17.65463861 180.62500656 -78.75450897 50.00000000
49.58552632 0.02971564 26.09936377 267.96874404 -73.15476227 50.00000000
108.46833333 0.09679983 50.69973285 290.46878219 -58.92674637 50.00000000
129.62166667 0.09702335 17.17973067 125.78120828 -80.31943512 160.00000000
96.10600000 0.12801828 26.21351150 312.34377623 -59.36676788 20.00000000
65.55357143 0.04066940 54.03598649 268.35936308 -66.95989227 40.00000000
77.35833333 0.10469886 14.02064139 235.15628278 -73.29446411 70.00000000
49.72000000 0.02035541 17.54875945 72.91667163 -72.47292328 90.00000000
81.06500000 0.08463628 17.53908996 163.28124702 -78.56536865 90.00000000
65.91857143 0.02097430 32.77343374 210.15624702 -63.11638260 50.00000000
54.02500000 0.35714947 14.11066466 132.03132153 -79.46175385 170.00000000
69.63384615 0.02017668 23.75120501 171.71867192 -81.48056793 50.00000000
67.33333333 0.11885515 17.86333706 158.59378874 -81.68371582 110.00000000
104.05777778 0.11403780 37.00657978 169.53121126 -74.91094208 70.00000000
95.59000000 0.10445536 23.05169366 195.98211348 -60.29131317 90.00000000
58.85250000 0.07981166 13.03708183 143.74999702 -81.57537842 110.00000000
324.97750000 0.55359986 8.66689781 69.37500089 -73.92761230 290.00000000
86.83000000 0.03346807 40.72515925 176.56253278 -66.31294250 50.00000000
67.25100000 0.06880262 19.18082536 167.96875000 -77.26193237 190.00000000
