# class=PV mouse Cre stratified seed=42 n=64 of 201
64
8.88125000 0.00072911 13.58198602 127.34355032 -64.32668304 280.00000000
14.30375000 0.00260887 7.02131122 112.34367639 -72.32875824 250.00000000
9.18836449 0.00044402 6.95146855 138.28124106 -79.34912872 180.00000000
20.49144444 0.00134576 5.57368465 71.87511772 -80.80732727 390.00000000
329.98500000 -0.00123233 6.63818967 122.18745798 -75.73974609 249.99998474
29.66821429 0.00208934 5.11785034 109.99999940 -74.11607361 200.00000000
75.21500000 -0.03993760 6.95681810 74.21878725 -74.07720184 330.00000000
10.13324675 0.00175641 13.74360889 164.68745470 -65.14016724 190.00000000
13.68353846 0.00211393 8.35216435 131.25038147 -66.20353699 190.00000000
20.65500000 -0.01848563 9.10687573 149.68757331 -68.99760437 250.00000000
5.57648876 0.00151769 7.70513424 74.21875000 -69.64250946 390.00000000
29.30433333 -0.00857484 6.85231083 66.56242162 -82.11767578 350.00000000
11.45883721 0.00114635 7.54695881 107.65639693 -71.88327789 220.00000000
20.45608696 0.01144371 9.03964668 135.15613973 -75.83573914 230.00000000
10.15711340 0.00084503 10.70726144 207.03105628 -74.74848175 130.00000000
10.57250000 0.03712462 6.70968272 119.37496811 -70.58676147 170.00000000
22.88837209 0.00210566 8.09725250 239.06253278 -79.04745483 90.00000000
33.48666667 0.44424802 15.79596886 284.06262398 -63.95312881 70.00000000
36.24800000 -0.01761428 6.29285252 121.87499553 -73.54583740 270.00000000
16.32883333 0.00342587 5.65473792 128.90617549 -75.96366882 170.00000000
7.90222222 0.00380596 9.33760367 122.96874821 -65.12310791 270.00000000
13.60166667 0.05411699 7.42393794 125.78125298 -76.17631531 230.00000000
11.37977011 0.00287196 7.49596675 146.56250179 -73.91643524 230.00000000
44.67772727 -0.00070694 7.17116970 147.81250060 -70.96172333 190.00000000
6.85805556 -0.01193910 9.14012589 197.96878099 -72.25507355 170.00000000
16.14064516 0.00677915 12.41900903 217.03128517 -65.25087738 60.00000000
30.73375000 0.03477601 4.99634536 64.53125179 -76.95485687 350.00000000
11.96275862 -0.02984066 9.27556419 158.90628099 -68.91072083 150.00000000
15.00360000 -0.00086773 4.62294544 67.34386086 -82.38719940 350.00000000
10.85054945 0.00154682 9.39791621 221.09371424 -74.05217743 170.00000000
9.58000000 0.00419328 9.11653920 117.81253666 -68.47377777 250.00000000
24.93192308 0.00311868 6.50461214 65.78136981 -77.51097870 260.00000000
10.39360000 0.01035610 7.12464847 99.99984503 -75.51718903 340.00000000
19.87000000 0.04373452 8.79526404 135.46885550 -71.24548340 140.00000000
9.65333333 0.03053447 5.04813408 100.93750060 -82.91417694 260.00000000
10.12060606 0.00098531 9.85655654 181.71875179 -72.03021240 170.00000000
10.51018182 -0.00953522 6.51908468 69.06253844 -60.53829956 370.00000000
33.01066667 0.00562750 6.34242769 121.25003338 -70.53313446 210.00000000
11.97219512 0.00116441 10.29849801 155.62500060 -69.49681091 170.00000000
14.66925373 0.00241311 7.61722518 124.68743324 -75.93126678 230.00000000
15.76135417 0.00591472 7.89982199 92.34378487 -74.04443359 270.00000000
6.74952381 0.00010202 8.54416701 119.84375119 -78.43769836 300.00000000
7.83500000 0.08742821 6.28592963 91.71886742 -72.91931152 320.00000000
17.42000000 0.03662294 6.55425992 120.46875060 -71.98477936 200.00000000
11.82072289 0.00044198 6.28631634 103.90605778 -76.42221069 360.00000000
12.50750000 0.00064259 4.12168919 65.62499702 -72.04297638 290.00000000
17.54321429 0.00462262 4.69030247 64.21886384 -75.56083679 330.00000000
66.42400000 0.04526404 8.24209731 109.21878368 -75.45405579 190.00000000
13.18384615 0.01708642 6.02284072 65.62481076 -69.89470673 380.00000000
14.28666667 0.04212087 7.64671535 179.37484384 -69.37313843 120.00000000
12.58027027 0.00472532 4.99035076 55.15624955 -81.55860901 520.00000000
11.15511364 0.00033727 7.83297566 103.75007242 -81.00827789 370.00000000
11.46046512 0.00057207 7.56265274 110.78128964 -77.33234406 240.00000000
13.92140845 0.00302261 8.25874032 129.84378636 -71.00598145 230.00000000
9.49166667 0.01231802 6.89561426 89.21863139 -70.43921661 450.00000000
11.99878049 0.00018456 11.85387765 216.87495708 -67.79747772 120.00000000
11.94915663 0.00354743 6.14426334 99.06238317 -76.77050018 220.00000000
18.28216981 0.00255990 8.35511306 149.06254411 -73.00822449 150.00000000
13.76250000 0.00174079 11.58818786 95.98214179 -75.12535095 209.99998474
17.81555556 0.00879161 3.94418839 97.81253338 -70.84624481 110.00000000
13.65149254 0.00266889 6.76150269 81.87496662 -70.46225739 410.00000000
14.60222222 0.00532842 6.25248437 114.84371126 -70.55250549 190.00000000
10.81407692 0.00062409 4.34286784 50.31257868 -78.84593201 540.00000000
28.04545455 0.00376264 4.75105682 67.34390557 -72.92057037 330.00000000
